0110111100001111
0001010100001010
1011111110001011
0010101100101111
0011001001110010
1010010010101101
0101110110100011
0111000100110001
1110011000010001
0011110010010110
1100001000011110
0100110110111111
1111110000110101
0000111010010100
0010111101110011
1111000101001101
1100011000001101
0000011100000000
0101010110010011
1001001011000001
1000011010000000
1001110010010001
0100000001001101
0111110100100000
1011111101110111
0101101100010110
0101100011010000
1111001000011000
0100010101101110
1001011111101000
0111110100100001
1100001000100000
0101010001101100
1110000100101101
0000100100011100
1011111011101000
1100111001001000
1000000110111100
0010010111010000
1101010010111101
0000100001110001
0111111011101100
1001001001001110
1110111110110110
1010100001010111
0110010111111011
1100110010101111
1110010100110010
0111110010001000
1010001010111100
1001111110001000
0000111100011110
0001010101001101
0000010011000111
1101111010000001
1111111011100011
0010000011110010
1101010011100111
0101011111011011
0011010101101101
0101101011000100
1110100000111110
1000000111010110
0100011000001100
1001101010000100
1111111100111011
1111011101100110
0100110100101101
0111111101010111
1111011111110000
1100100001101011
0001110100100101
0100111010010101
0101110011011111
1111010111011101
0011110101010101
1000111001001110
0000100101111101
0000010010010101
1010100011010011
0100010100001111
1111111111001001
1010000001001011
1100001000011000
1000100010101111
1100011001001101
1000111110111111
1011110111011011
0000101111100011
0000100101110011
0000000111011010
1011010101010011
1101010101010010
1001000110011001
1100111010010110
1000101001000010
1010000111101101
0011000001111011
1101101100010010
0101110110100101
1010110110000001
1101110111010010
1110110101000101
1000011100110110
1011000111001011
0111100101000111
1001101110101111
0100001111100010
1101101100111010
1110001010111000
1101101010111010
0010000011000110
0101110100000001
0010001001011010
0000001101101100
0010100110010000
1010011100111011
0000001001001001
0100010101110010
1101001111111010
1100001110110001
1111101000011000
0010100011110111
0111101001001100
0001001001010001
0100110111001110
0110001111111110
0101111111011100
1001100000011001
1011111111101111
1110110100010001
0001111111011000
1000011000011100
0100011110110110
1110000110010101
1010011001000110
0110101100011111
0011010100101010
1011011110010100
1001101100000101
1010100111010110
1100110100101001
1000011010011011
1010011100101111
0001110001100101
0010011001001101
1001111100011001
1011011001110111
1101010001101100
1001000111010000
1001000010111111
1000000100000001
1100110100000001
1101010110101101
1110101111100101
1111010010001001
1000100011101101
0100011100011001
0010111110111010
1000101010010100
1110111011110011
1100111011000101
0001111001000010
0111111010001101
1100010010111010
0011101001010001
1111101110000010
1011011101110100
0101101100101000
1110010001101110
1001001101111001
0110011011000100
0110010010100011
0001011010100110
0000111101000010
0001001001010000
1011000000000001
1000110110100111
1001000101111110
1101001111000000
0110100100101000
1101010001010011
0110111011011010
1110010010000111
0011101110000001
1111100100101000
1111011100111101
1000011100010000
0100010111010110
1101011110110001
0000111111010110
0001111110010010
1000111001101100
0010010000011111
0010101000111101
0000101111101101
1001011101110110
0000101001110011
1100011111001011
1110110010101111
0101000101001111
1011100110101000
1110000011010100
1101001000100101
1110000010001111
0101110000111101
1110101010001011
1010111001000010
0010001100101100
0000101000011110
0011011001101010
1010011010010001
0011001001110010
1101100011000111
1100110100010001
0001011011010001
0011010111001110
0001001011000100
0110111110000100
0011000100100110
0110010011000101
0101010111001100
0001110000000011
1010001001111111
1100011011110100
1101001100011010
1010101111110011
1101011011010100
1101000010100000
1100011010011100
0111110001110100
1001100001110001
1001000011101011
1010011100010111
1111001010001100
0010111010000001
0110110011110111
0111011100110101
1101011100111000
1110111110010101
0010101110110011
0100110001010010
0001100110010101
0110100011001100
0001100000010101
1110001110100000
0100010110001001
0000010100001100
1110001100011111
1100011110011100
1000010001010111
1010000101101110
1001010001010000
0100001010110000
1001010011001010
0110110100011111
0100100110010100
0100000110100111
0100010101100111
1011111010010001
1011110011101100
0011010101001010
0001001000000010
0000001101001000
1101110000101100
0010010010011011
1001010001000001
1001011111010111
1011001100110000
0110001000011010
0010010011101010
1111001011100111
1111101001010010
1001110001001011
1000001011101111
1001100010101010
1001100100000101
1110000011011010
0000010101111111
1101110001011010
0000000111011001
0101011100100100
1101011100110101
0011100011101110
1111111110101110
0101100000001101
0110111011010101
1001110101111100
1101010101110110
1100011110111111
0100111011000101
0010000001100000
1010111101111101
1011001110001110
0101001001010001
1011110110001010
0010100001010101
1000001111010111
0100110000011110
1110011101110011
0100010111001000
0011101110101111
0101100111001000
1101000010010010
0010001010111001
0001111111111010
0011001010011100
0111111011101001
1100111111011110
1111000101011010
1111101110101000
0000011011110011
1111000101000111
0011010000010010
0110101001001000
0011111110101011
1011111001111111
1111111110100101
0001111111011010
0101001000110010
0001101110101111
1010000111111101
0100010101010001
0011111001100011
1110110001110011
0001000110100001
1101000110101101
0000000000000110
0110000111000010
0001110100101110
0000010100110000
0100011001011000
1100011100111001
0101000001010000
0010010000111000
0100000011111111
1011100001101100
0111010001010010
1010011111110101
0111000010001010
1100011100101011
1100101011010111
1001001111010011
1011010101000010
0011100100100100
0100111110110011
0001011001111011
0111100011001001
1010000010101011
0100001011001001
0110101111010111
0110000101100100
1010010000110111
0111010010100100
0001100111100011
1010001000111101
1101110010001011
0100010001001001
1111010100001011
0111001001110110
0001111001011100
1011111110111000
0011101111100000
1110101010000001
1000001000001010
1100101110110011
1011000110110001
0111101011100110
1100001000000000
1010000011100110
1011110011100101
1010000101001111
1110111111001001
1110010000011010
0011011101001101
0100010010110000
0110010111111010
0100001011101010
0100100010000010
1001001110110010
0011111111101000
0100101110010111
1101111100000001
1110111101111000
0011011000100111
0010111001000000
0011100111111010
1011000101011111
1000110100011110
0101010011111010
1110110101011101
0101011000101110
1000111100100111
1110011011110011
0110101011101101
1000001001100001
0101000111011101
0001011111101001
0110101001001001
0101010110001110
1101010100101001
1001010010100111
1100111110100110
0011101101101001
1101000000000110
1100100000101011
1100111000101111
0011101111111011
1000111011100110
0001011100110010
1101110010100101
1011101000010110
1010010111110110
0101100010101101
0101001011101100
0010101010101100
0110001110001010
0010001011010001
1010110101111110
1001111110011001
1110011110100101
1001101111101110
0001001000000111
1010110010110001
0001000011111100
1001000100110101
1010010111111001
1001101100011010
0101000010000110
1011010101110001
1101100101101111
1000000011111111
1101111100101000
0011101100111110
1010111001110001
0111101111101011
1011000100100111
1111011001000100
0111010110001100
0101111001001010
1001001100101010
0101100111000110
0000010110010000
1010011111111101
0010010001000101
1001010111010000
1101111110100010
1001111001011101
0110110011011001
1010011011000010
1111101110000001
1010100011011101
0100101000011000
0111100011100011
0100101010000001
0000100010111101
1010001110001000
0001010001000101
0100101000100100
0000110001110101
1011101011000001
0000001101110011
0001000111010101
0011010111010001
0101111111100011
0111100100110000
1010000001101110
1011101011100100
1110001001011100
1110101100111001
1111100111110011
0010000011011100
1001111111010100
0111011010011100
0011101010100111
1110110011001101
0011001010101000
1001100110010001
0011100010111001
0101100010011110
1001011101111111
0010000010010110
0010000011001111
1010011000011011
0101010111000110
1010000010001011
0010011100000111
1110010101010100
0010000101001001
1110010011111101
0111100101110010
1010111001101111
0001101000111111
1111110000100011
0111100100111000
1110111110100010
0001000000001110
0111111110001011
1111010010111100
1110101111110100
1111000011011100
1000111010011100
1000000001101111
0010011100001000
1001100100011001
0001101100100110
0110001010100110
1001110101011111
1101011100101001
0100110110110101
1011101001001010
0100110001010011
1101000011001100
1000010001110110
1001001111000111
1101101001001101
0001000101101101
1010110000100111
0000110101100111
0110011010111111
1100010110000001
1011100110000100
0000000111111100
0110110001000100
0110110000011111
0001110100100100
0000100010001101
1100011010001000
0111100010000011
0001010011110100
1100001111110111
0101010100111000
1100100110001000
0100011001001100
1001000100111000
1010010100001111
1000101001010011
1010000101111000
0011101101011001
0100011001101101
1010001110101101
1100001100010111
0001110001011011
1111101100000101
0101001101100110
1001111101010000
1111011101010010
0111011000000110
1010101001101000
0001011111110101
1001101110111011
1000100100110101
0001001110110000
0011000111111010
0101010001000110
1011011100000011
0000001001001000
1011010111100011
0100101100110010
0000011001011000
1110000011110110
0001001001100110
1100000001100000
1001010111000010
1101000111100100
0000100001111111
0101110011000001
0010111000001001
0000110001100000
1001101000001100
0010101000011110
0110001010100101
1000011001010100
0101001001100111
0110001001000000
0101100111010001
1110110101111001
1101011011000000
0001110100110010
1110110001110100
1101010000011111
1100111001100111
0111110000111101
1001110101101111
0111101100011011
1110000010010011
1011100011100010
1000001110110111
0001100010111100
0011010011101110
0000100011101000
0110011100100011
0001111100011101
1110100000101110
1001000000010011
1101110010001111
1101000111101001
1111111111001010
0010000101001000
1011001101110100
0000110001110010
0011111111100001
0111110000010101
0010001110000110
0001110101100101
1110000011010000
0101111101111101
1100001111100110
1100001001010000
0101011010011011
0011001100101100
0010111001001001
0111110011111100
1010001000111010
1101110000100011
0000110011110001
1000100001001001
1011100001111010
1010101100010010
0000001110011000
0110111010011011
1001111101111111
1111111111110100
1110010010001110
0100000000011111
1100011100010101
0011011110001010
0001101001011011
0010001111110100
1101001001011101
1001010101100110
1111010111000010
0011000111101100
1110001001101000
1101010000010010
0111011001010101
0011100111111101
1010101100101111
1011000010001001
0001001110111000
1011111001011000
0010011111100001
0100001111011001
1110010111010101
0110111101101001
0110010000001001
1100000000110000
0111110010111010
1111111011011101
0000100110000001
0111001001111101
1011011011110011
1000010011110101
1000010100001010
0001101010001110
0011101100010100
0101000100101011
1011101011001110
0100011000010111
1100101110001101
0100010110110100
1100110011110010
1111001101010100
1001100110111011
1100011111110101
1001000011010101
0011110000000000
0011110001010001
0110011011011110
0011101101010000
0111111111111100
0000000100110110
0011101111011000
0010101101011110
1100000000000110
0110100001111011
1000110111000001
1000010001101101
0111111001100010
1111111010100001
1010100010010000
0101011000011010
1101100100000111
0010100001011010
0101100000011011
0100100001010111
1010001010001010
0111111010000100
1101111100001000
1101011111010000
1001001010000101
0000010101101100
0101100100000111
0111011110110001
1110111101111110
0000110000101110
1100000010100111
0001011111010100
0010001101111011
0110111110010101
1110011000101000
0001100000000101
0110111101000010
0000000100101111
1110111011011100
0101111111010011
0000001110010011
0101001101011001
1001111001010101
0101101000001000
0011001100011111
0100001011000101
0000111011000101
0101111110101111
0111100001011111
1110110011111001
0100000011110010
0000010010101010
0111000000000110
0100111011000111
0010111000100010
0011110000111001
0001111100100101
1011111110010101
0011001111101000
1101110110110110
0001011001101100
0100010010111100
1111000100111010
0011000000011001
1000111010000000
0101000100000101
1111111111000011
0110110110101010
0001001000101000
1101110000110001
1011110100010011
0111000010111101
0100110010011100
0110101000100000
0011110011110101
1000011110010011
0000111100001001
0000011011100100
1101001000010101
1101011001110101
1001011111010000
1011110101000101
0111010010000100
1100101011001111
1011010111000100
0110101011100100
1110100010011110
0000100100001001
1100100001011001
1000111111010010
0001100011110011
0000101011001111
1111010001100001
1111110101100100
1101000010110111
0001001111000000
0100000100010100
0101000011111001
0000100000010001
1000101010001010
1001011011000110
1011110001011000
0010101011001100
0010000110110110
0001000010000000
1010000001001101
1111100001101011
1111011100111000
1001101101100000
1000010011001011
0100111100010110
0011000111101010
0001000011101101
1111000111010110
1110000011101010
1100011011100110
1110100111111111
1011000010111011
1111101000100111
0111101100111000
0010100101111000
0011101101001000
1001111001011111
0010011001010101
1111100011001111
1100011001111000
1101111000011100
1000011001111100
1001010001000110
1101101101000011
1000111110011011
1000011011110100
0010011000010111
0100100001111011
1010111110100111
1011000001011101
1011101011110001
1001100010000011
1110010101010010
1111101111011110
0000110000110000
0101100110100010
1110110010001110
0001011000111010
0101000001110010
1110001011101101
1110101011010111
1000101001100110
1011110001111010
1011100111111011
0001011011001100
0000010110001101
0111000010101110
0111010111110010
0110000110100000
0100011001110111
0100011100001010
0001110000011000
0111000111000001
0100101110000010
1010101101111100
1111010011100100
1000001100100111
0000011010111100
0011111011110110
1001111011001111
0101111101101100
1001100010110100
1101111111110010
0001000100000111
1010000101000101
0100111001110001
1111100010111100
1011011000001001
0010000111101010
1000000000100110
0100110010000011
1111101010001101
1011110110111011
0111001110000011
0001000000011001
0001100010110100
0111010111111010
0001000000011001
1110100011111000
0101101011010000
0100110101001001
1010110110100010
1101011001110110
1101111001010101
1010101010111111
0010101011000011
0111111110101001
1011000100001010
0110011010001100
1000001110001100
1100100001001010
0100001000011010
1000011111100110
0011110101111011
0111001010110000
1111101010011110
0000000010010110
0010000101010010
1000100111011011
0111111000000111
0010010000110000
1011000110110101
1101001110101100
1100000100010110
0110100001101100
0001100011001101
1100100010111101
0111000010011010
0101001011010100
0011111011110111
0011100001100001
0000100000110101
0101100110100101
0111110101010001
0001101001100100
1011111111010000
1000110010000100
1100111010010111
1010101110101100
1001111000000001
0001111110000000
1110100110000100
0010011101100011
1110111100011101
0001001000001001
1001100110011100
1011011011101110
1000110000110101
1100111101011011
1111001110101010
1011011100100100
1110010011100000
0111010010010100
0101100011011010
0100110110001000
0010000100001000
1001100100101011
0100100110000111
0110000110110110
1000011000111101
0101001000010011
1110110100010100
1011010010110100
1001011010010101
0111111010111101
0010010100100011
1111001101011111
0111110000011011
0111000100100010
0110001001101100
0000001101011101
0101011101110011
0111000000010011
0101101100100111
1101100100100100
1011101110101111
0011111010111010
0100110111000010
1000000000100100
0000110100010110
0111000000100011
1000111011111001
0100100110111111
1011100000010101
1100000101101011
0101111111110011
0011100110010010
0010110011100000
0111001100001110
0111110111100110
0011010100110101
1101100000101100
1100000111111000
0100101010100111
0111100100111010
0001011010101010
1101111000111100
0000001000100100
0011011011111111
0001110010101011
1101111001100110
1111010011001010
1000011010101100
0001011111110001
1110101011010010
1000001100000110
0010011101000110
0001101011000001
1111100111011011
0110000001100111
1101011011111010
1000010100101110
0100110000110110
0110000110011010
1010010011101101
1000001000010001
0100110000000111
0000110100110100
1111011011001110
0110010100001110
1101100001000110
1111011011110010
1101000111110100
1100001101001100
1111101111100110
1000110010011001
0111000101111101
1111101100110101
0101000001111101
1101000011000100
0110001001001101
1110111011001011
1000011111100001
0100001110000111
0111110010010101
1000110010001010
0111110101110010
0011001000011000
0000000101111100
1110110001100010
0010111001100001
1011010011100001
1010100111000011
1111011001001100
0001101110010111
1100101101101111
0010111011100011
0001011110111111
0111111100111010
0110000001101010
1101110010100001
1111100001111001
0011011111100000
1100101011011111
1100110011000010
0010011111000011
0111001011010000
1110101111011110
1011100111010000
1100101100111010
0000100111100111
0110000100100101
0100111110010000
1111010101000100
1111011110001001
0100001110111001
1010101111000101
1110000101011011
0001101000110100
0000011110101100
0110101010101101
0110000010010001
1100001000010000
1101001011100011
1010011111111111
0010000100011100
0101001101011001
0101110111110011
1100000011111011
1101000011011010
0000010101101111
0111001011100100
1110110011101111
1011111101000111
1010100100011000
1101011010001111
0001100001111010
1010010101100101
1111000010011001
1100011000101100
1000011111101001
0000000111010111
0101100110111011
1110000110001011
0010110000110101
1000110011011011
1010001010100001
1101110001110001
0010011001100100
0101110110101011
0111001100111101
0010010001111100
1110000001001000
0101000100110111
0010000111001100
1011101101010111
1000011110001001
1010101110000001
1000010010000011
1100010111011000
1011110011011101
0110010001001111
1100111110001111
0110100110100100
0001111110100110
0011001001001101
1110111011001000
0111100110100111
0100100011011111
0111010110001011
1111000101010100
1010110101000101
1100101010000110
1100011000100000
1100110111001100
1001100001101011
0100011010111010
1101001111011100
1010010101000010
1011010010000000
0111101011010100
0111000100010000
1110111011001011
1100010100010111
1001100110011001
1111001110010000
0111000000110000
0000101010100111
1011010000000011
1100000011101001
1011000001011000
1010010111111110
0000101011100101
1100001000000000
0000101000000000
0011110110101001
1010110100001111
0110010010110111
0001110010010100
0011100110010110
0010000001110010
0111001100110000
1110001000000001
1100001011101110
1110000010010111
0010011110100010
1001101000011100
1101010011001011
1011010011000111
1001111011100000
0101101101011001
0000001010011000
0111000101101011
0110110000010110
0110000101101100
0010111001001100
1101000000100111
0011010111100011
1110000000000111
1101011011011000
1101010111110111
0110100101011100
0000100011101000
0010010111000010
1010110001110100
0100011111011101
1001011110101100
0011111111000010
1000100011111101
0001111000011010
0100110110011010
1111000001101001
1011001010000001
1011110010001010
1000010010010111
0110011011110011
1011111111000100
1110100110011001
1001110100001110
1010001111001100
0011100010101000
1000101000100100
0100101110110001
0010000001010101
1011101100011110
0010011001001000
1011111001011001
1101010001010001
0100000110001100
0100001110010000
1111101001000101
0001100101001000
0010010110100100
0111101100100101
0010101000010111
0001000010010011
1110011010101100
0101001010110011
1010001001110000
1010001001110000
1111101110110010
0010011101100101
0100101000001101
0111100110010100
0110010100011111
0100100011000100
1110101001011111
0011110111001101
0100000001100000
0010100100011100
1101001011001010
0000110011000110
0010001001110000
1000000011100101
1010000111101011
1011010110001000
1111111011110001
1001010010010110
0111101001011000
0101010000000101
0111010010001001
0011111010001101
1100111000010110
1101011011000000
1000000101100111
1111110110000011
1000100101110001
0000010100110001
0001011100101000
1110111001101010
1110000110010001
0110100001001111
0010100000001100
0111010010010101
0010111101100010
1011001111000111
1111100101101101
0000101110111011
1001001001011001
0110001110011000
0001111011000000
0111001100100101
0110011111100101
1110111110101011
0111011011010011
1111000010100000
1111101001000010
0101100100010011
0011100110101011
1111110001000100
0101000010110010
1000110010011010
1110001010111110
0111001100100000
1100001110100101
1100011010010111
0100101110010000
0101001001110101
1010001000001011
0110001001001011
1001111010000010
0000000001011111
0010101011111011
0100110100001110
1101111110111110
0000010000010111
0101011100011010
0111100001110001
1001000111001000
1100001100010010
1000000000100010
0110001110000111
1110011100001001
1000000110111100
1110010100010110
0001010000010000
0010010101111111
0010010100110100
0111010110101101
0000001110110000
0100000000001001
1100001000100111
1011010110001000
1100011010011010
0111001110000001
1101101100010100
0100001010111100
0000111101000000
0110111100000100
0001101011101100
0100111010000001
1101000011111000
0010101100001011
1000101010001000
1110110111010001
0001100010010000
1100100100101101
1101101010010001
0110011100011101
1101100011000101
1000001101101011
1001010111100001
1010000000101010
0010110010110001
0000100001001100
1111001000111110
1001101001101011
0110010111110100
0000111010101110
1010101000001100
0011011111110100
0111000111000011
1101111011001110
1001100110010010
1100001111100100
1010000110110010
1011011001010001
1000010001010111
1100001011000001
0101000010011101
1010111011011111
0010000101110101
0101010111000011
0001001000010000
0010010000110111
1110011001110011
0001100101011101
1001110001001001
1001100101110010
0101001111011110
0001111011111001
1101000101110000
1111100100011111
0111000001100101
1110111001111001
1101011110101011
0100110101110001
0010001000011001
1111011010011010
0000110100101001
1011101111110010
0000100110010000
1010011001111011
0001100101111010
0110000011110101
0101010100110010
0100000010111010
1101111110110001
0100101011110001
1010100000101100
1111101001001001
0100100101100011
0000110011111111
1100111110001101
0101000010011110
0011010001100011
1101101100001111
1001100111100101
0101101100001001
0011001100101111
1110001100011110
1010111110111000
1110000110100111
0100101110111011
1000110010011001
0110100111100001
1101100001010110
0100010001001011
1001000010000000
0000111111101110
0111100010111001
1101101011010101
0010111001100101
0011100110000101
0000001110000110
1010100011000011
1110000011100100
0100101000101111
0000001111001010
0111000100011000
1000010010111110
0101011000101111
0001001111011011
0101101000011000
0010101010111010
0101010101101011
0011010011101011
0100111111011011
0010000111100010
0001110111101000
1001111111101000
0100110010110110
0110010010111011
0001100001010010
1111011000110011
1000111110010100
1100110100110001
1100010000011001
1011110101000111
0010001101110100
1001011100100000
1001010001101100
0001010011000110
1101111011100111
0001100110011101
0011101010110001
0001100001001000
0010100101001101
1001100100001100
0010001101110100
0000101001011001
0101001101111001
1111001100110101
1011111111110111
1010111111011001
0101101111000111
0010011111000111
1000010111000011
1101111110110011
0101101111100101
0011011101010111
1100100000010111
1101010010100110
1111001111010101
0101001011010010
1000101101101010
0110110101010011
0111011011001110
0011110010010011
0110010101101111
0101010101001101
1000011100111111
0000011000010111
0010000000111000
1111101010110010
0010110110000010
1110011011100101
1101100000000101
1110011101010000
0111001110001101
1011011001100000
0100101010111110
1011011010110010
1000101110010101
0000100101000011
1100111000011001
1000011010010101
0011001000111011
0111100000100000
0000100111100101
0110001101101100
1110100110010010
1000111100100110
1011001110011010
0011001010011110
1001110111001111
0000101101001000
0011000111010010
0110101110111010
0001000000110111
1001010111011101
1101000101110100
1011101001000110
0101111101110000
1001101001011110
0010100110001010
0001110001100101
1100001001101011
1010110100001001
1111111101010000
1100101101000111
1100011111011000
0100101011111111
0000101001010111
0111001111111000
0001100101110010
0000010101101001
1000001110111001
1101001000001100
0011010110100101
1111011110111001
0011011100100100
0001010001010011
0101110010110100
1011011100001100
1000011110101000
0001001111110010
1110110011011011
0010100001000110
0011111001000110
1001011000110100
1011011000000100
1001110110111000
1000111010010010
0101010110111011
1101011001001101
0010101100110100
1010111001001100
0101001101000000
1111100111000000
0001011110011001
1110101100100101
1101011011110000
1010110110110000
0000110001010011
1001001001101011
0100110100000000
0110010011011010
0000010011111110
0111101111000110
0110110101101011
1000010010111010
1111100111000100
1100111110111011
0010111111110010
1000010111010001
1100101010101110
0110100100010110
0000100011111010
1011011101100110
0000111101010010
0011110011110101
1011001100101100
0011111011010011
0100110101010010
1011110010010110
1101100011111011
1101101010010010
1111011010010111
0001010000111111
1101111101010000
1111010101100101
0010000101110010
1110010000110110
1010011110000111
1111100110000100
0110101111101000
0001100011011011
0110101000110101
1111001110011000
0100010000100110
0011110111101101
0111001101110001
0110001010101001
0100110011011001
1111011110010000
1000001000011000
0101110010100100
0101111000000101
0001011111001001
1100010101010110
0101110000110011
1101010011011011
0001001110010010
0010000000101011
1110011100110101
1011111010111011
1100101000001111
0000001001000101
0101110100010011
0001001101110100
1101000110100001
1001100101010111
1011001011100110
0011100000111100
1110100100100110
0100011111001101
1110011011110010
1100110010011000
0111111010000100
1001111000101100
0101100000100111
1110111101100110
1010101000010100
0100100010011000
0011111001110110
1000010001001001
0100010100101011
1010100011011110
0110001000110110
0110100101000111
0110011000101110
1110011100001011
1101001100101010
0011100111100111
1010111000101110
0001100011010101
1010010110000011
0001100011000010
1011000111100010
1101011111001101
0011100100000010
0001110100110111
1110011111011101
0100111111010000
0100011011110011
1110101110011100
0110101010101101
0001011011010001
0110110001100111
1101100110101011
1110100111011001
0001001101011011
1110101110110110
1000000011000101
1000000011101011
0100101000100100
1001111101110011
0010011001101100
0011000000111010
1110110110010000
0000011010010010
0000001011100011
0001011111011111
1001111110011110
1101011101010100
0001001010100101
1100000011110011
0000001101001101
1011100000110001
1011100000110100
1100101100100101
1100001011001000
1101011011101100
1011111000100110
0110000100011000
1100001111011101
0001100011110101
0001000100010000
0101101010100011
0111010101100010
1100101101010111
0001001100110000
0111101101100010
1011000110000001
1110000101000100
0110101011101111
1101100001011100
1100000100000101
1111110010010101
1001110000000000
1110010001010101
1111101100000100
0111001111110110
1010100111011000
0011011100000101
1011010010111100
0000111110011100
1011110101001111
0111101100001000
1001001010001111
0110111010111001
0100000100111000
0000111100111010
1101010001101010
1010111001111000
1000100000011001
0010010110100010
1000111011010100
0101100011110111
0011110000010110
0010111010111100
0111010111010111
1010111010111000
0001011001010010
0000100010111111
1011000110111001
1110111010101001
0000011110110110
0100001111100010
0110001111000100
0010110101001100
1011100101100110
1000000011011110
0100111011111101
0010011011010111
0100011111010011
1111100101110000
0011111100101100
1111110110001100
0010001110101010
1110011100101011
1100101111000110
0101000010111000
0110111101101111
0101111101111110
0011110100011001
1111010001100011
1101100111101011
1110001001010001
0001010000001100
0011010011111100
1101010110001111
1111010101010110
1101111110000001
1111010101001000
1000100111001110
0011001001010000
0111111101010011
0111010010110000
1001010001010111
0001110100001011
1101101000111100
0110111110100000
0011010001110000
0010011011101110
0110111111010100
1011111000100010
1110110001100100
1001100000110101
1011000110010111
1101110101011001
0010110100001011
0111000100001000
1100110100000001
0101000001001000
0101011011000110
1011110101100000
0000100010011001
0011001011011111
1010011000010111
1011000011010010
0110101101000111
0101011011011110
1101100010010000
0010101110011010
1000011100010110
1001001001010011
0110001010011000
0101100110000000
1111110010101011
1000101001101101
1010001011011100
1010011111101101
0110110000011010
1110101111000100
1011011111111011
0010100010111111
1100100100101101
1011010101001101
1010100111101100
0011110010001000
0010101010000001
0010010001010001
0000111011100110
1010000110011110
0011100101011011
1010100010000010
1000000010101001
0001010111111111
1010110100011100
0010100111101100
1111000111011001
0010111011101111
1011010010101000
0110000011101000
0001010011011111
1001100100010011
1111111110011010
1101111010010111
0000110001000011
1100111111111100
0010100001110001
1001101001010101
0011110011110011
1001011111101100
0011011111101100
1101101100110100
0111100100001100
0100010010011101
0110100000010110
1011100010101010
1100111011011011
1001111010010001
0001111111111000
1010000010110101
1000000011010110
1101010001110000
0100011111010110
0000110101000111
0111101101110100
0110010001111011
1101110101101000
1000100110011000
0101001100011000
0011111101001111
0111011110110101
1001100100100101
0001011101000001
0110001011110001
0110100110001111
1101011101011101
0011101001010010
1101001110000110
0101011100110010
1111010011100110
0001001101110110
1010010101110010
1011010101010000
0101011011011001
1100111110111110
1110100111110111
1010011100110010
0111001000000010
1010000001101011
0111110110010101
1111111011101100
0011011111110111
0000101010110101
0101000101100110
1111111001000001
1110001100110011
1100011010000000
0110100001110100
1100110010110001
1001001101101000
0110000101110001
0011000000011101
1100100001011110
0100111010010001
0100101011010110
0110100100000100
0010001111010010
0111101110000010
1110000110111111
0110001011001111
0101111111101000
0110001011110100
0011100100000000
1010010011001010
1000001001000110
0100110000011000
1101010111111011
1011111001011000
1000001011000000
1011011011100110
0010101001000110
1000001010110001
1001000100100010
1111111111111001
1101010110100100
0010100111010110
1101110100010101
0000010011110110
1010010101100101
1100011010101011
0110110011100101
1010001000000100
0111101011111011
0101010101010011
1110110100101110
0011000000001010
1000000101011011
0000010111100111
1110110010001001
1100111111000001
0000001111101100
0011110001011110
1110001101000000
1011101011000000
1000001001100000
0001100100111100
1111111011111011
0010100100001101
1110110101010110
1101110010101110
1010001101011001
0000000100000010
0010001010101101
0010111100110100
0011110110101000
1101101100001000
0001000110101111
1101101011101011
0001110111010110
1100100000001111
0011010110100000
1110100101010101
0100110000111100
0010010000010101
0100000110100110
0111001011010111
1101100100010100
1111011001111011
0000000011000001
0011001011100010
1000101101010010
1100110001100111
1001110010110011
0110001010101010
1000101000110011
0000101101100011
1000000101001010
1100000010100100
0110000010111101
0011000011000000
0000010011110101
1001011001011001
1010100110011001
0110101011001111
1111011011000110
0000101111100001
0100111100110110
1101111001000110
0101000100110010
1001001000011000
0011100010000000
1001110010010100
0100011001010101
0011001101000000
0111000000110011
0000111011000101
1111010000010110
0101000011110101
0001011100010001
0001010001100101
1110011010001110
0000001001110110
0001101011011001
1000000000011111
1101101000111111
0010101000001011
1101000011100100
0111000000101111
0111101001100001
0010101000000110
1010000110001110
1000110001010010
1101100110111101
1001100001000011
0001000101001111
0110010010101110
0010010101010100
1011011100101111
1110010111101110
0000011101100111
0101000001010000
0100000101011011
0111101111011010
0010111011011111
0100101111111110
0100110100011110
1011111011110011
1101110101100001
1000110110010010
1011011011100001
0011011001100110
0101010110000110
1100101001111110
1100001011000011
0010011011000001
0100110010010000
1101001011110101
1010010011001110
0111010001110010
0101011001100011
0101001101100001
0000101010010101
1101001011010100
1011111110000001
1010111111011110
0111011010011010
1101110011000101
0101110101110111
0111101111000010
1111110010101001
0010010100000110
1000101011110000
1010001100010000
1101110110101101
1101100110100100
1001010100111000
0000100100010101
1111001101110100
1111101111110101
0011000101111100
0011110110100000
1100110111100110
0111101001100110
0110000010011011
1000110001000010
1001110100010000
0001011001111000
0111010011010111
1001001111101011
0101101010011101
0001100111011111
1000001110111101
1111001111011111
0010110111011110
0111010110101011
1100011101001110
0000101100111101
0010000001111111
1111100101110111
1011110100111110
0011100110100011
0111001010100100
1111100000010011
1101011111001111
1000011010010011
0100111010000111
1010100001000111
0111111111110000
0000111010000100
1010011000111101
0011001100010101
1000101001011110
1010110000011011
0111101010001110
0111110110110010
1011110000101011
1011000001001000
0100000100110001
1010000011001011
1011110001001000
1010111111001101
0101000111001011
1010000001010011
1010100111100001
0001111101001110
0001011100110011
1100101001111000
1001001111111010
0101110111111010
0101000000011101
0100001010011111
0111001101110111
0101010100010110
0011100100110100
0110011101011110
1100001110101101
0000000001110101
1000000101110111
0100001011101000
0110101001001111
1000111111101011
1011010100001101
1101111111001111
0110101001000111
0100001011011110
0010001000101110
0011101000100001
0001110001011100
0111101010010010
0011100101100001
0001010100111001
0010111011100000
0001100111001100
0000110011010100
0011001000111101
1010110100000000
1101010000101001
0111000001001110
1011010010000010
1100111000011111
0000100110101100
1110001011000000
0001101110001001
1010001111111101
0110011000001100
1101111000011010
1100101010001010
1100001011000111
0000000100010101
1011110011101100
1110101110010000
0101011011000101
1011110100001111
0000010110011101
0101100111110000
1000111011011110
1001111000011111
1110111001100001
1101001111100101
1000001111110100
0010010011110101
1001110110010101
1000101111101010
1010101000010011
0110101100110010
1001010100111101
0100101101010100
1011100001100000
0110111100101111
1001101100000110
1000000011011101
1101011111001010
1000111100100001
0110110001010010
0101000001000011
0101101000111010
1101010110101011
0010111011011100
0110101001000110
0111110111110100
1100110011010000
0011101011101010
0111100010001001
1000101000000010
1100000101110100
1111010111100001
0010110110100001
1011000100011100
0010110110011011
0110111111001001
1011100011111010
0100110010000010
1011110101000010
1100111000001000
1001011011110111
0111111010000001
1010110010101011
0111111100011000
1110110001110001
1110001011100100
0001111001111011
1000101000011000
1100110000010010
0111101010010000
1000001011111001
1101001011000010
0001100000010100
1000101011001100
0111000011010001
1010111000101010
0010011101000000
0011111100010001
0110110101110001
1111111110011100
0000011100100101
0111101110101000
1000000001000001
1011011111001110
0011010111110001
1010110000100000
1110111100111100
0111101001000000
0110110110011001
0010000010001101
0001000100011011
1010110011011100
0011111100100001
1011001110010100
0100010110110100
0111000011111100
0100010001111011
0101110110011100
1011011110011100
0011110001011011
1100111011001011
1111111010111100
1011000110001001
0000111000000001
1110001011101111
1010100010001101
0101000011101111
0100100110101001
1100011011010011
0111100110100001
0000000010111011
0011001000100010
0001011000110011
0100100001010010
1101100011110101
0010001100001110
0110111000111010
1001001000110001
0000101110100100
1100101010110010
1000111111100100
0011001011100110
0000111000101111
1010100101110110
0110110001010100
0101101011101110
0100110000111001
1100101011011010
1100110100011111
0100110100110101
1000101110101101
0101000101000111
0101000110000000
1100100110111000
0011101100010000
1000011011100000
0101101011101101
0011100001000010
1001011011101010
1000000111010101
0000110010001000
0011110001101010
0101111010010011
0000111100100011
0001010100111111
1010010111110010
0110001011000000
0000101111110000
0001111010101000
1011111010101101
1001111110101000
1110100010010101
0101111010101001
0010011000111000
1011111101100001
1101000000000101
1010001100011100
1011000011001011
0001110100110001
0111000100011110
1101011001010101
0011000000010101
1011000110011100
1010001110101110
1100001101010101
0001011010000111
1010101101011100
0101001100011001
0100110001110011
1010100000101101
0100000100101011
0000010010011010
1000010010100100
1000010101000011
0110010011011101
0001111000100010
1000001100101101
1010110010001011
1100110101110010
0101011010011010
1001011010101110
0110001111001011
1000101000000110
1000011011000101
0011101100110010
0001101100110011
1001101110110101
0010111011111011
1000110100101101
0011001100000000
1100001110001101
1001110011111110
0111101000111111
0100001010001110
1100011001001000
1010010000000111
1100001001110010
1101110100101011
0010011011000110
0101111000101010
1001001011101100
1001101110011000
0111001100100000
0001101101101111
0010111100010110
1000010001000111
0011001110100010
0011011111111101
0100110101110010
0110000101101100
0011110011000100
0000101110111101
0011110100100011
0101101110000100
0101111100010111
1111001110001111
1100101100001001
0000100010110110
1011100111010111
1110101010011110
0101100110001100
1110011111001000
0000100110000001
1010000100101110
1000011010100010
1000111100001100
1011100001101100
1001111001100110
0111001101010101
0000111110100110
1100110011101100
0111011011101101
1111010000111100
1011000111100110
0010000110010001
0011101111010111
0111001110100000
0111010111111001
1110100100101000
0000111011000001
0111001011100101
1000101011011101
0100111100000110
0110000111010101
0001011110101111
0010111010010011
0001000110001111
0000000110010110
0101111010110011
0110110101010011
1010000111011110
0110000000100101
1111011010011011
1101110010000101
0111011100001000
0011111011000110
0001101100100011
1000000110100110
0001111101101111
0001000111100101
1000011010111011
1010100100011101
1001111100001000
1010001000111000
0100010011011101
0101111010101100
1101101111001101
0101111100001001
1000110100011110
0110100111100101
0111101110001010
1011100111010110
1010111101001101
1101101100110110
0101101110001011
0110011101011011
0010110110010000
0010110010101101
1101100000010010
1100100111110010
0010100000111010
0100101000000011
0111100010001110
1000100001101101
1011011111000100
1101001010110100
0000011001010111
0011000000111011
1110001001111110
0000001001101101
1011110110000100
1011100011010011
1111111111100111
1110011111010011
0100011101110101
1010111000011111
1101111101000111
0001111110000000
1101100101000110
1110101101010101
0111100011010011
0110101011001100
0100001010000101
1001110110111111
0001110011000111
1001000010110111
0001001101110110
1010111010110001
0101010110110111
1100101111010100
0010111000111110
0100110100100010
1101110000000000
1111110101101100
0110101010110110
1110010110100100
0110001000110111
1111111000010110
0100110010100110
0011110110011101
1010010010100101
0010010011000111
0011000000010110
1101100101010110
0011100110010001
0000101001111000
0111101111100001
1110011010110000
0001011000110001
1001001110100011
1110101010101111
0100010110001101
1110010010100000
0010000110111010
1000011110110011
0011100011111011
1101110100110011
0001000100111110
0010001000001000
0000111101110001
1100110110100000
0100001000001111
1010000111111001
1100110011011000
0101111101100110
1001000100000110
0011011000100111
0100110100001001
1011000110100001
1000111101000100
1110100110110010
1101011000000110
1110101000101110
1010010111011111
0010100110101111
0000101011011001
1001000011110101
0110000000011100
1010011011011010
1010110010101100
1001100010011010
1100101001010110
0001100001010000
0101100011010000
1001111110110101
1001100000011000
1011100000111000
0100110000100101
1101000101100101
0101100110000111
1011111111110101
1001011100010001
0010111100100010
0111001110110001
1111100001001110
0100111011111110
1010101100001000
1100011000000110
1101001000101000
0100101110101001
0111001010100100
1001010011101010
1110001101011010
0001100011101011
1011000001010010
1111101111111110
1000101100001100
1011010001000010
1100001010000001
1000001101001001
0111110111101101
0010111111111010
0100011010010100
1001001010010110
1010110100011000
1000010010000011
0101000011011100
0101111001110100
0101001111111001
1000000010111010
1010100100111000
0100011001000101
0110101000000111
0101000010111000
1110100000000111
1111100010110011
1001011111101101
1110010001011000
1110111101001010
0101010100001010
1101011101001000
0101101100101110
0010001101111010
1100001011000100
1101111111100110
0100101101001111
0000001010111111
0111111110010010
1001111100100011
1010010011010001
0111110010011100
1010101001100101
0111101110010001
1110111111000101
0000001011011111
0101111000011100
1100000100111101
0110100101110000
0000011010101111
0010011101101111
0101011011101111
1000010100011000
1110101110000100
0111000101011000
0100001101110001
0011110010101100
1100011000001000
0101111100101011
1110111110001101
0101110100001000
1011001001010000
1110101011001100
1101011001100111
0010100110001010
0111001010100010
1001001010101100
0010011110011110
0101010100110010
0101110010101011
0101101001100011
0010011001110000
1100001111010011
1110001110100111
0110110101010011
0011011100100111
0000111101000001
0111010000001011
0000010110011000
0001100010100100
0110101111000101
0100011101001001
0110110111110000
0100010110011011
0110001011101111
0000110100100011
0100001100011110
1110100010100111
1010100011110111
1001111111000100
0110011101101011
0001101000011001
1100011010000111
1001010110100110
0011011011000001
1101010110000111
0011000111111001
0100100101010011
1111111111011110
0100100001000111
1011110000010001
0011000100100101
0100100101110000
1010000011001110
1110100101011001
0111011111100100
1100111010010010
1011111100111111
1101101001101001
0111110111001001
1001111011000001
0110100111010101
0000001001001111
1010011110111000
0010010000111101
0001010001101010
0101111101010100
1110110110111001
1001010001110011
1001101111101100
0101011010101100
1001000101111000
0010110101000111
0100100000001001
0000001101010010
0110110010101011
0101001010011111
1100101001011100
1010100100110001
1110011101100101
1000000101111000
0101101101001001
0100101010011111
0100100110000111
0111010010011011
1100111010000100
0100001111111010
1000101110001000
0110010100101000
1101101101010010
0000000110000101
1000100110011111
1101100110001111
1110101000110011
0101000111100010
1000011100001110
0111111101101111
0110001111100000
1000111011110111
1100011010101000
0000111000100110
1000111110011100
0111001000101110
1101100101010011
0101010001100100
0010001111011000
0010100010101110
0001011100011001
0000010001111000
0101110010011110
1001110000001110
0011010001010000
1001011000010100
0101011010010101
0010110011110000
1100111011111011
0110000000110011
1100001010000011
1001000011111000
0001110000001000
0000001111010101
1010001000010111
1101100111101110
1010111101100011
1111000001110100
1101010101111110
0101111111101101
0111010010011001
0100100111110100
1101000001011010
1011000000001010
0001010000001110
0110000010000111
1000110011111101
0111011000010001
0101000101000011
1110011011110110
1100001101001110
0111100010100100
0001101110001100
0110101100010100
0011011000110011
0011000011000001
0111110100001110
0000010110111000
1110000100001101
1001110101001100
1110101101110000
1101100110111011
1001111010011111
0011000010110011
0100001011111100
0011011111011100
0111100110001011
0001101110000100
1111000010111110
0001100010000011
1101100010010001
1110000111111101
0100100100011111
1101101101101111
1010010011111100
1110010010101011
0100010000110111
0111010101001101
0110101010011011
1010011001010001
0001101000111011
0011111101010011
0101100100110110
0001010000001111
1101111011111000
0010100111110110
0101001100110010
0010000000111000
1111000000001100
0101010101010111
1000011111110001
0110110110000101
1110001111001110
1001000110111111
0111101101110100
1000111111000001
0010101110001100
1101111001001101
0001111111111010
0100011000000000
0010110111001001
1100000001001111
0011100011101100
1010101011010110
1000011111101101
1011111000000110
0100111100111100
0101111011110110
1011000011111010
0010000011010000
0000100001000111
0100001001001110
0010100100111100
1000111000100100
0101111010011000
1110111001010110
0001101010000010
0000000000000001
0011001100001110
1110110000110111
1111101111111011
0110001101010110
0101011111010011
0010100010110111
1101101010000010
0011010010001010
1011101110110111
0000000101111100
1001110010101011
0010110010011101
1011000100001000
0001100110000110
1100011111100101
1011111011011001
0110101110010100
1100011111011101
0010010000101110
0101100100001001
1100011010000101
1000101000100110
0100001111001010
1111100011111110
0110000101000000
0101011100111001
1110001110000101
1110111010101010
1001011011000011
0000100001100000
0000111011111100
1010110001110000
1100010101000101
1101010101011101
1010011000011100
1111000110101100
0000101110100111
0001010111010010
1101011111001010
1111011100100000
0010111111001101
1111000000101000
1010001011111000
0111111000100010
1000011011111000
1000001010001111
1110111011110001
1001111100100010
0011111000000011
1111011010010000
0110111000111010
0011111110010011
1010000111011000
0001000110011000
1101010000010011
0010010000110001
0101000010011100
0011000011001011
1001110100101011
0001100010001111
0111011100010110
0101011000100010
0111111001111000
0110111000000101
0101110001001111
0100100011100000
0110000110100101
0010010000010011
0100001111001111
1111100010101100
1001100101110110
1011011011111011
0011110011110101
0111000001001100
1111000001111100
0101101111100000
0001101001010101
1101000110101110
0011000110010010
0110110101111111
0111100010110110
1010100100111010
1101101001000111
0110011110101001
1011000010001001
0010110010110100
1111111110000000
1101000000111011
0111111101101101
1111100000000101
0100001110010101
0000011101010101
1010100111011010
1110101101101010
1000000010010111
0100111000100010
0101010100110111
1011101111110000
1100010111110011
1010100101110110
1101011001110010
0101100001101101
1000001110110011
1111110011010101
0011001011010110
1101100110001011
1000011111101100
1011100000110111
1011011101100011
0011110100111111
1010011111000000
0100110110000111
0110010011010101
0001101111010000
1110001001110011
0011110001101110
0001001010100011
1000001100000011
0111001111111001
0010011110011010
1000010100110111
1100010101100011
1000110011000000
1101010010101100
1011011000000100
1011000010010100
0001010001000100
0010011011100111
1000000010011111
1011010001110010
1001010100000111
0101100001011110
1001101010100000
1000100001101010
1010001110100101
0101110001001111
0100101011000010
0101010001100000
0001001110110110
1100011000000100
1010110011111111
1000000101100110
0000010011100111
1110010000110001
1000110011110001
1011111101010001
0010001111101111
1100100111111000
1011010100000111
0010101110110010
0110100010000010
0110100100001001
1011101101011111
1110010101000101
1110101011000111
1011100011011010
1011110110000010
1100100101000110
1001110010010110
0010101000111011
0100000010011100
0110110010110111
0111001101100111
1100000000010001
1001110001000101
0010101011101000
0000011101010111
0101011110011101
1010100000111000
0100101110110101
1101111110110111
1010110001101010
0110111001111011
0011010011101101
0101101111101111
0100011011101100
1001011011010100
1100001100110010
1010111001110001
1110111001100101
1011001110101100
0010000000010010
1100110111010001
1110101110101011
0111011111000110
0100011000110010
0110100100111100
0011111001111100
1000011011100111
0111011010011101
0110111110011000
1100111101101011
1010001101010111
0000001100011000
0101010011110101
1010111101100111
1110111101000111
1000100010000101
1010111101101100
0101001011000000
1101100101101010
1001101010001111
0000101001010101
1010001100011101
0101110010111011
1111111010100111
0111010110110010
0010011110100110
1101011010101110
0101100110101011
0010111100110110
0001100001011001
1110111100001100
1110101111000001
1100110001111011
0101010110101100
1111111100011010
1110101111001110
1000011110000000
1010111111000100
0110001000111111
1101111111011010
0111001111000001
1001111100101000
0010011111100010
1111011000010011
1001011111100001
1111111001011101
0000011101000100
1101101011011111
0001111100101100
0001100010110000
1011010110010100
0110000100110100
0101000100111110
1101011100111110
0011100110010001
0110000100110111
0010101101100101
0110100010111011
1110110100110101
1001101010001011
1111101001100100
1001001001000111
0001001000110000
1111011101001000
1010010011100101
0011100111011010
0110111011110000
1101100101000101
1000010000111101
0101011011110110
0110110010011110
0101000000000000
0101111001000011
0101111100000100
1010010000011100
1000101101101001
1100110011111111
1001101110110010
0010010101110100
1000110110001101
1111001001111111
1000010100110011
0110001110010111
0011010011100000
1001110000100111
1101010100011110
0111110101001010
1110000111101000
0100001001110100
0011011011001110
0000111100110001
0111000000101000
1010111100111000
1000111111011101
1110111100111010
0001100110001100
1111101111011011
1010000000001110
1110011011010010
0011111100101001
1101000010000010
0101010010010001
0001001011101010
0000011010100000
0001000101110001
0110110111111010
1101000011000100
0000101011100111
1100110111001100
1110111101100110
0011001010000010
1000001100000110
1111001010001000
0010100111110111
0101111001100110
1001101001001101
1001111010101011
1110000010111001
1101011010001101
0110001100101100
1001011101111110
0100000111011100
1100001110000011
0011100000100001
0001111010100111
1110011110100011
1100111010101010
1010001011010010
1110101111110011
1011001011111111
0100001111110001
0010011100011101
0011101010100100
1011110100000000
0110001110001010
0111110000101101
1010010011000000
1111110000001100
0011010100000010
0011011111100010
0011000001010100
0001111110101011
0011111011001010
1101111101010110
0000101010110010
0110100101001011
1100001100001111
0111101000100101
0001011101111101
0001111011011001
1111100000001010
1111000000010100
1111000100011111
1111101011101000
1000011010111101
1001001101101010
0100111001110111
1000101011000101
0000101011111100
1010001011001110
0010010100010110
1001001011001011
0011000110000010
1110100111001111
0011100111000011
0011000010011011
1111100011000111
0100111110011000
0010111001111110
1101111100101110
0010011011111000
1111000000111111
0000110010000000
1100000110011010
1111111111000000
1011011101010111
0100100101101010
1001011100100010
1000010111011000
1011010101111010
1101111010010100
0000011111100001
1001000100110000
0000110100010011
1100101111000010
1111000001001011
1101101111111010
0001011100011000
0001010101101011
0100111010011110
1101001100000111
1010110111100011
0110111011110110
1001011110111110
1011110001101010
0100001111010010
1101010101010010
0100001110000010
0100110001001001
0101110110010101
1111100001101011
0100011010110111
0101000001101101
0000011111101011
0000000000001111
1101100111101101
1111100110011000
0101101111010100
0000001011101110
1010010100111010
1011001111110000
0100011111101111
1010011100110001
0011001100100011
0101101001011010
1011011000010110
0000000100111101
1000101001101110
0000001010100111
1000110011001000
1010110010010101
0100000000000101
1000000100110111
0001001010111010
0111111010100110
0000111011011111
1011110001111010
1100101001000110
0011111000010001
0010111100010001
0100010000111001
0101000111100000
0100010010000110
0010011011101010
0110010000111001
0010101011100111
0001110111111010
1010001101100010
0101011001001110
0100110011000011
1000101110010000
1100011110011011
1000111011011111
0110011101000100
0110110000000101
1001110010010011
1111110010010111
0001000110000001
0001111000010101
0010100110101101
0001011011010010
1010110111000011
1101001000010000
1101110110111101
1111001110010011
1100101001000110
1101011111000011
1000110010110111
0011101101100011
1100111110110011
1111111101010001
0101110000011100
0011000010010111
1111000100000000
1001110001111000
1001100100101111
1110111000100010
1001001001101010
0101110011111010
1100010111001011
0001000000101111
1101101010100010
0101110101100011
1101010010010000
1001100001010010
0100101010010010
0010001010101001
1011111100111000
1101110010111100
1001100011000001
0111000100101110
1001011000000011
0100000000100110
1110111011111010
1111000011011001
1001000101111010
1100001111011010
1111011111010100
0000011111000100
0001101111000000
1011101100101010
1001001011010001
1010000001010111
0110000011001110
0110001100100101
1011111101010001
1100110010011101
0100111101100001
1000100000110101
0100101011110100
0110011100100000
1110001001001011
0011001101001111
1111101100111000
1101011000000100
1111001101110000
1010111011011100
0100010000001100
0100001111111011
0000110101011110
0110010111101100
1111111010110001
0100000110001100
1011011101100111
1000001101101100
0000101100000001
0110010000011101
1110111000000101
1000101110001010
0111111110101110
1011110111111000
1000011000110000
0010000101110111
0010011000111110
0100110001000101
1111000100000100
0001010101010100
1111000101101101
1100110010011011
0010110001101011
1100100010001011
1101111010000111
1100010110011100
0010110111001100
1111001110111101
1110101011000011
0011001001010000
0111110111101100
1010110111011010
1011111001100111
1000011011000111
1101111000110111
0110010100011100
0010011100100110
1001001101000110
0001000111111000
0011010100111000
0111110011101101
1111100110010011
1011101001011001
1101100110000010
0011111100011111
1101101001000111
1101101010000110
0111100111011111
1011011010000100
0011111011100010
1111010010101100
1001110100100100
0110001001001101
0110011100000001
0110000100001000
0000000110110011
0011011101001000
0100110111011100
1001101111101000
1001001000000010
1111110110110101
1001010110111101
1000010011001101
0001111011111010
0101101001101011
0000101001011011
1111110010001000
1110001100010000
1001000101101110
0111111011001011
1101111000110000
1000000101001001
0000111101000001
0101010110101000
1010000011111110
0011110011000100
0001000001110001
1110011101111100
1100111010110010
0011000110111110
0001001011110110
0010010110011101
1000000100111011
0100011011110101
1000111101011001
0101010110100010
1010111101101000
1100111010011111
1100110011011010
0110000001111010
0110001010001000
0111101011110101
0000111000111111
1110000010001000
0111100110010110
1101010111001111
0110010101110010
0100000111100101
0100111100100010
0001010000100110
0111000100010101
1101011001111000
1001110010011101
0000111101110001
0101010011111111
1111101001000001
0010100000000010
0001111000010001
1001100100100111
1100000100001100
0000101001100101
0011101011000010
0110100000011111
0110111001100111
1011001010110111
0000111001001000
0100010011001000
1111010111111110
0110011010011110
1000110111111111
1101111010110101
0001001000001111
1110011100101100
1100110000111111
1100000101100000
1110100010010001
0011011001110010
1111000110101101
1100010010101110
1110101001011101
0111101000111000
1010111101101100
1001100010011101
0011000010100011
1010011011001101
1110110000011100
1100000111011110
1010001110110101
1111111001110111
0011000111110010
1011001101110011
1111000110110100
1001111010111101
1100111000000011
0001101101010001
1100000000000111
1100100101011010
0001011011110001
0101110010101101
1111000100010011
0110101010010000
0110110001111010
1100100000001000
0111111000110001
1110000001101010
1010101111100001
1100000000110001
1100101000110001
0111001010110110
0000100101101111
0001110011101011
1001000111011110
1100111100100111
0101000100100100
1111001011110001
1000101010101100
0001001010000000
0011101001100001
1101110111010000
1000100010011111
1111111001111110
1011110010011110
1110101001010011
1110010110010010
1000110001001100
0101110101011101
1011000101000011
1011111000100111
0100001001111001
1110100101000111
0100000011011101
1110000010101010
0001101011101000
1100010010011011
0101110110101011
0000011101100100
0110000011010110
0101111110011001
1011101110011000
0000001110110000
1000001000010001
0110101001110000
1010111010111010
1010011100001011
1100101101110001
1111111111011000
1111100111001100
1000111011101101
1001111000111110
1001100001000011
0001101000000001
0001001010000101
0011100101001110
0010001000111010
0000110101100001
1100010100111011
0000100111111001
0111101110100000
1000100011111101
0101001010011001
1010111111010010
1110110110010010
0111010101110100
1110011001100011
1101111011010011
0010011100101001
0110100000110011
1111111010100110
1111010100111100
1000001011001100
0100011111110101
1010101111111100
1101001011011000
1110101000110111
1010101011111110
0000000100010101
0000011111100010
1001011010000111
1100001111001001
0100010001000111
0001110001101000
1010101000011101
0000110001101001
1100111010110100
1000111011110110
0011100110111101
0001010110111101
1111000100110010
0011000001011011
0000011000111110
0011101100001111
0100101000100100
1011001110100010
1100000110000100
1100011001000010
0101010011000110
0001000111101001
1100010101001110
0001000011100110
0110110110101110
0011011001001010
0001110101000011
1100000101011110
1000010100111001
0010100000101010
0101011001001101
1001100001000100
0100011000110110
1100000111110111
0110001001000011
0000101010111010
1111111000010100
1101000010111101
1001001110010110
0100011111110000
0001000010100100
1001100010010010
0011100111000110
0110110011010100
0001110011111101
1000011000100101
0011100011001110
1110110010001010
1100011011110100
0110000000000010
0100001101110000
0010010011101000
0010101010100111
1010001000100100
1001100011111011
1101010100001110
0010111011001100
0101111110110011
0001000101011101
1001110111001000
0001011001001000
0100010011000100
1110110100011100
0111111111001100
1010111111110111
1101110100100100
0110110101011101
1011100011110001
0110100111110001
1000001000100001
0011111110010100
0100010000000100
0101011010000010
1000101110011010
1011111101100010
1101100101100011
1110001010000111
1110100011110011
0100011101100111
0111111001001000
0011011000010100
0000110111001010
1001000111000011
1010111000100010
1101010100001110
1001001110010100
1011110111001001
0011011101101000
0111100010101000
1010000001101110
1110011100010010
0001111001010011
0100110001001111
0000111000101101
1111101010010110
0000110011011111
0001100000011001
1001000010101110
1001011110100110
0000010111111010
0011011100011110
0001000001110101
1110110001111000
1100101011100100
1110010111111000
0100010101110101
0011001011000101
0111110011010100
1011110111110111
0011101001111000
1010111001000011
1001101010010100
1101000010010011
1110110101111001
0110101101011101
0110110111001100
0110010111110110
0011011010110110
0001101001000010
1111111010101101
0111111110010000
0011011011010001
1001100001101000
1110111000001010
0001000000001101
0010010010111101
0111111100101000
0010111111000010
1011110010000101
0000000011010001
1111010011011011
1110011101101001
1010110110010111
0000010100011100
1010011001110011
1110111010100000
0110101111011110
0011110001000110
0001111101101001
1100011110111111
0000111010000011
0110100111111010
0110001111010011
1001001010100101
1100011000011110
0001011010100010
1001001000100011
0110001001011010
1010100111111110
0101011010010101
0001100101011011
0110111000000000
0010101010011101
1010110011000001
0011110011001001
1110101001100011
0011111111100011
1000000010111011
0111101001010100
1101111101011110
1001000000110111
0011011110100100
0110111010010001
1011011000111010
1101110000111001
1111100010000101
1001000000000110
1110110010100000
0110111000111001
1010010011111010
1101011100101000
0000111110000010
0110101010110110
0001111011100110
1101000100110000
0000111011100000
1000111010101000
0100110011001101
0010100111001111
1001100100101110
0110100111011011
0010000001100010
1101011010110111
1100001100010000
0101111000001011
0010010100111110
1111010110100101
1101100000001100
1110100110110010
0100010001100011
1010111101110110
1010001111011000
0001000111010100
1100001101011101
1110101010011011
1111011111101101
0100001110010110
1011110011110001
1101111000110010
0110101000110010
0100100001100100
1010000111101110
0110110000011011
0101111111001001
1101001110010001
0010010110000101
1111011001000100
1111010011100000
0000000011010000
0101100100010010
0101100110111000
1101111111010101
0100101111100001
1001000000110110
1010011101100001
1001100100100110
1100000001000010
1111101101100000
1000010110101100
0010011011010110
0001000000101001
0000001010000010
1001100011010101
1101000111001001
1001110101111111
1111100000101011
0000111011100110
0101001001011010
1101111101100001
0000010010011100
1111011000000010
1100010001100101
1001101100000000
1010111001101111
0101010101000111
1000110110001000
0010111010111110
1110101001011100
0001101011110001
0100000010101111
1111111101110101
0010110000011111
1101011111110100
1000011101010101
0111100000111000
1110011001001111
0011110011110010
1001000110001011
0000001111110101
0001110011110111
0111001011000000
0001100010100110
0000011001001100
0010011000101101
1001011010011110
0110110001110010
1000101110100011
0011111000111101
1001010101011110
1011010111101011
0000110001001011
1101100110110100
1100100000100111
0011010101010100
1010101101001000
0111111110101101
1010000000100010
0111000000111001
0011100010000111
0010001010001010
0011000010110111
0000110011010011
1001011100001101
1011101010111110
1110011011100011
1101110111101001
0110100011000110
1110101001010001
0010100000000100
1100000101011101
1010010110101010
1111110111110000
1011010011010110
0000011101011010
1110000101110110
1111000011010011
1001110100000100
1111101011101101
0001110001100000
1100101100011010
0101001000100000
1010101000110100
1111001011111010
1101001111111111
1111101110001101
1000100111111101
1000001000010010
0100000101101010
1100110111101100
0111110011100101
0000011111010100
0101110110101100
1101101011110100
1011000100010101
0010110001111101
0010110100010001
0001101000011010
1110100010001000
0010010010010110
1001100110111000
0111101010000111
1100101111001100
0110110110000111
0000110110100101
1000000001010100
0000000000110110
0011110110111110
0001100101111011
1000110011101010
1011110010110111
0100001001000011
0011111111000001
1000001000000101
1000110000111111
1001000110001101
1100011001010100
0101111001010110
1100100011110010
1010111011111111
0011000100110110
1000010111100101
0100001100001000
0001000011100100
0000101110010101
1001001000001000
1010000000011110
0101110110101110
0001101001000011
1001001010010110
1010001101010101
1110001000001110
0100011001011101
0110110010001011
0001010111111000
1010000011111011
1010000101000011
1100011000110001
1100100111001010
1100011110010110
1010111100000000
1011110100111010
0000010000110110
1000010101010011
0111111111110111
0000011110011001
0011101110111011
0110110000001111
1011010011100001
1010111110001010
0011010100111011
1101010100011111
0011011001100011
0001100011010100
0001011010100111
1110001010100101
0100101011010000
1001001010101001
0110110101110111
0110101010011111
1011010000001101
0000000101110010
0010111000010011
1110011010111001
0101100110010010
1000110110111000
0011111110001001
1111110100100100
1010010101010010
1010100111101110
0010000011110010
1001110110010001
0110110001101111
0001100000101100
1101110000010011
0101100001000010
0100010010110010
0101010110011110
0110010101100000
1000001010010010
1011101110000000
0011110010111000
0110100011011001
1010111100010010
0101001011001110
1100101100110000
1000101000001001
1000100111000101
1011100001001110
1100010001011100
0010111000011101
1100100011110000
0110101010110101
1110100100010110
1100001110010010
1010001000000100
0101111111101100
0110011111001001
0001101100111100
1110110101000101
0101010000011010
0001010000100000
1101000011001110
1111101100001010
0011111011101110
0101001110110001
1110111000000111
0000010001001010
0010001010011000
1011011001010100
0011110111100000
0110111001001101
0000100011111001
1010010001011000
1001111001001000
0001100000011101
1100011100110001
0010011000000110
1000000100001111
1010000000111100
1101000100000010
0011101001100001
1111000101001111
1001101111001110
1010010011010111
1001011100010010
0101010000110101
1010001000111001
0110110101001010
1111101111110101
1111010111000011
1101001011101001
1100011110000011
1001011110011010
1011000101011011
1101010011101111
1001111110111000
0111010011111110
1101110011010111
0001111010001010
0100010111011100
1110100001111000
1101100011000101
1000101000000011
0010010110011101
0110001111000100
0111111101000101
0000111101011000
1001001010111101
1010100010101101
1111000000010110
1010010110001001
0000110111000010
0101101001101011
1101111101000101
1010101001001101
0001001011110110
0101110111100000
1001101110100101
0111111010000111
1011110111100001
0101111101010000
0111111011111011
1001111011011001
1011111000011000
0101011000110100
1101011111111000
1101000000001001
0100100010101010
0000010011110010
1000111010100100
0011100010011011
0001000111100111
0001001001010001
1101111101010000
1000011111110100
1100100011001111
0101101001111001
0010011001000000
1100101000011101
1111101010010101
1011111000101100
0100000000011001
0001100010101101
1010101011110011
0100001101010011
1110110111010001
1000111011011001
0101011101100110
1110100001100011
0010001101110000
0100111100001010
1100010110111001
0010100001111111
0111100010010101
1110010010000100
0111111000110110
0110001011101010
1010111101001101
0011101010110111
1101001000001011
1110110110010110
1000001101110010
0010001011011100
1010100100110100
0010011011001010
1100001111001001
1100000000101001
1010010001000111
0111011010110010
1100101010010001
0110011100010110
1101011000010000
0000000001100111
0001111111000101
1110101110110111
1010100011010000
1111101011010011
1110001011100001
0000100000100101
1110001110110100
1011111111101001
1110110111011100
0100010100111100
1101111011000010
1111000111111111
0000000110001101
1100111110111010
0110110111101001
1101101111000010
1011100010011111
1000000110111101
1010000001111101
0101100000101111
1001010011111000
1111100100110010
0101011001001101
1110000101000111
1000101111000000
0011111001010001
1111000011101001
1110111111001000
1100010010011001
1110111010010011
0010110011000101
0011101000110010
0100101001001111
1011011010001010
0111011011011010
1111010110111111
0110010100110100
0001111110110110
0000000101000101
1100011001100001
0110111110100101
1000100000010000
1011110000100100
0000011110110011
0101000111101011
1111111110000101
1101010001011110
0010011100111110
1110100001010010
1010001110101111
1110111101000110
1010100000011010
1000110011011000
1010011100111101
1101010101101001
1000011100100001
1010011100101101
0100110101010100
1110000101011000
0110011110101000
1111111101100010
0001110101000000
0100000101100101
0010101100011101
0110000001000110
1111011011101111
0101111100101010
0001010010100011
0110111110000101
0100011100111011
1010001110111011
0110000001110010
1111001101110100
0101010100001001
0010110101001001
0100001011010001
1111011101001010
1111000101111010
0001100101011100
0010011001001111
1001110001101011
1001110111011111
1100110011010011
1011100001010000
1000000001000000
1010001101010111
1001010101101010
1100000101111101
1011010100001100
1011000100110100
1100101110000011
1001110100111100
1101000101101010
0010111110011010
1101100111101000
1111110101010110
1011110011010001
1011111000010010
0001110010000011
0010100001010000
1011100011010111
0110000110001100
1111101001111101
1100001111001010
0000111111101111
1111111100101001
0001010100110011
1110101010001110
0110000011000011
1000001111101100
0001110100101001
0101100111010101
1101100010010111
1110110001100011
0000111100000101
0010000110111101
0011011101000011
1011011100010110
1011000101111100
1110010010001010
0111101001001111
0010100011101000
0011100010001110
1100110010111111
1010110011011101
1010011000011011
1111001000100010
0101001100001100
1101110010100000
1111100011111110
1110110111101101
0100000111000000
0000111101110000
1110001111010110
1011111111011111
0010101100111000
1111110100111101
1010101101111100
0111110100011010
0110000000010100
1101001000110010
1101111011000000
1010111100000001
0000101100100010
1011001110011101
1101011000111110
1001011010001101
0111011110110010
0001101011001011
0001111101011000
1001100001010010
0000111111100100
0110011100011010
0010110101101001
0100111000001010
1011101111110001
1111001011011110
1011011100101001
1101101101010011
0111100101001100
0001111011001110
0010101010110000
1110110001001001
1101111010011010
1100011100000001
1111000101000100
0101111010101100
0110010000110011
1011001101101110
1000100111011100
0000001000011101
0010100011101011
1110111010111010
1110101100010101
0101110101001011
1110001110010001
0110100001011000
0100101100101001
1110010010101110
0101000100010010
0010111100011011
0011010010011001
0110101001110101
1111101110011010
0011100001101010
1000000001101111
1011111110010101
1110110000000111
1010010011000001
0001010100011111
0010011111110001
1001000010001110
0010111110100000
1010101101101101
0001111000111101
1111101100011100
1001011001000001
0000001101011100
0011101100110010
1001100011100101
0000101100011011
0010000110010110
1010100000010000
1000101001100100
1100000111001001
1111100111111011
0011001101110011
1010000001000101
1011001000100010
0110100110101001
0000000011011100
0110010000001100
0100001000000101
