11101010101110111011001001001001
11111010010001100100100110010101
10111101000101010010010100001011
11111100110010011111011100100000
11000111000010111111101110000100
01100110111111110010001100100101
01011100101000100111100101100011
10100101111011001110001000101111
01100110101011001011010111101010
11100001010111110010110001111001
01001010111110110011011101111000
10011101101010011100001101101111
01100010100110111011010110011111
00100011111000011101011000100101
10100001100011111111111010111110
11001101000101011100100101011100
00000000100001111110101111001100
00011100011001011100111000011111
00000100011001100101100011110111
11110111001110011100001101101000
10011101111100100101011111111011
11101101110111110110111001100010
10110111100001111110101111011100
10001001001100000110011011101110
10100101100110111001100011110011
10011110101111010111000100100011
01101001000101110110011101011000
00000101101000010000001001110101
01000010111111101111101110100001
00111001011011100000101010110111
10110011101001110011010000010111
00011100010001101000000010011110
10000110011111101110100110101000
01100100100110111111111001101111
10110011101011011111000001100001
01111101101001011100011001001101
00110101000000111000101100100001
00111000011101111011100001010000
11010101110011011001001001110100
10010010111111100001111001001101
10101000101110110111000010011111
00011000101000101111011010001001
10000011011110010010010000001101
01001111001100101011111111001011
10101101000000110101101111111011
10011010001110000100001001000111
10001010110100010000010100001011
10100010100010001110000110110000
10100101110101100011110101100011
00111010011001111101010111000001
10101110000001101010100001011110
10110000111010010011001111101110
11100001001000000001011000011010
00001101000110001100000000000011
00000101101101011000111010001110
01011000100010100111101010001001
10000000101111000110001011011111
11110011100000111101111000101011
11100000110001101100000000111100
00111110011110010111011010000110
11111000111100100000000011001101
11010111100101111001100100010111
10111001011101110000010101010011
01111110011001001101110111001010
11100011010000001111100010011001
01110010100100011000011001001100
11111001000100010100111011001001
10100001010010001011110111100101
10011101010000110101101111101111
01111101100011010010110100101011
01110001110011101111100111000011
01100000100110010000110111010110
00010011000111000000011010111101
11101101101100011101000011000011
10000101110011110001000100101110
00010001111010100000110000010001
00011001000100010000110100010010
00011001001010010111100111011100
01101110110001010000110110000010
10011100110110010110000010011001
10000001111010101101110010011010
11110111001011111001011101001110
11101111111110101010100001000110
01100101000111101011001001100111
01111000000110010010010010011001
11000100011101101111110010001000
10011000000001011001010100111011
01001000111001000010010100100100
01111111110001001101000001100100
11011110111110001000111101010111
10101111001000001111010010000001
11110100010010011010010111010011
10000000101001000100001110110111
01111001011101101110000001111101
10100001011011110011100011100110
10001110000110010011111101000011
01101010001100000001000101111011
01100100010001111000111110000111
00011100001111110011110000111010
10000000100110000111011000100011
00001001011111011001010111111000
00101101100111101001000111011001
01100101010100000011110010110000
00010011101111010110101101110001
10111100010100101010010100010101
01011000101000010110100111001001
01001101010011000001110010110001
10010001101011110100111011000111
11110011111101011100001001010111
11110001010000100101111011001011
10000110011100011101010001011100
11011111111110100010101110010111
11101011000110001000111100100110
01001011011011011011010111100100
00101001110101100100100000101011
10001010111100100000001010110000
00010101001100111101101001011110
10111010000110000101011101000101
01001000011001101000101010010100
01111001111000101100010101101000
11000010110100110110010011001010
00110010110100111001100011101111
01010000010101101011110110010100
01110100010000111001100010111011
10001101100000111001110100101001
10110001100100000110110011111101
10101101110010010000000011001110
00100011011001000110100011111111
11111110000111011000011101101001
10000110111101000101100001000101
00000010111010101011011111001000
11011101101011011011111100010011
00010111111111110100111000000100
01010000011111110111000101100110
00000111011010101001101000100001
00110110000100011101101100010000
10100011001001110001001100001101
01100100001011001010011011100100
00010111010111111001011011100110
10001001010000101010011001001100
11111001101001111001010110101101
00110010101110101110101000110000
00111101101100001111011111010110
00111110100110000011111110001111
01010100101111110001100000011010
10101011101000101001101100101111
00101000100000001110110000010000
00000110111111111110001100000101
10010011101010001010101110110010
10110111011110000111001100110100
00101111111101111110110110110101
00100010110000100010000001011110
11101101001111001000001100101001
11111000111111000101101001001101
00100011100001000100110010100111
11100010101000111010000100001100
10011100011111111010100110110101
01001000110011000100101011101011
00110101011000100111001111111110
01001001111000110111001100011001
10100101001110100001000000100011
10000110000001110101011001010101
11011101011010010100110110001000
00010111011110110100110110101010
01100011111110000001101101000110
10100011010110001101101111000011
11001101111101001110011010100100
01010111010001111000010011011010
00111001100000100001110110001110
11001100010011010010011110000110
10000010100101011011010000001000
11010010111111110011101110001011
11001110100010110100101111100110
11001011101110101011110001011111
00010101100110110011101011111101
11011011000001000000100010100001
11111001001101000101111100111011
11001111111010010011100001001110
00100101101100110100111110101100
11101001101000111110010010101000
10110111000001100011101100000001
11000100000011011000010110001100
00111110010001001111100010010100
00111000001101001001101101100010
11010110000000011011011111101101
10000000011100101110101010000111
00001111101010101111010011010011
10101100111001111010111010011101
00110011110100100000000011111001
10111101011100111100011010000010
11000111000010111000101101011100
01111010011010101001101100110001
01101100111110100111010101010101
10000100110101111011001011110101
01110011100111110001111111100110
11000100011101101111011110111000
00000010110011110110001101111001
10111011111000110001000000010111
01010010100110111111111011000011
11011111010111101000000000111111
01100100011111000101010010110011
01110011111110000000001111011101
11001101000110100001100101111011
01100010110000111100010111001110
10000010101011001011001111011111
10101011111010001000111100010001
00011000101000111011110011010001
01110110001011110010010110110011
00000001010100010010100010101101
10110110110010111111000100110100
10111101001011011101000010111100
10101010011011100010000101111110
00000000110001111100011110101000
10010010101000011111010011010010
10111110111010100001011000110110
11100111000000000010000110010110
10000101111000110011000101001101
01101111010010101111010101000010
11000000101001010000010001001001
01001010001100110011110010100100
10001001000001101010011111011111
11011010000011101101001110111001
01101100111011110111010011001110
10011100101000011011110000010010
01100011101010001101011010001011
10010110111100101111000101010010
01111101100010010100101101100111
00000101100111011000011001111000
00000011010101101011010001101100
11001010011010111111111011100011
11010111001100111001100110011101
11101100111001110000110100010110
00010001010101011110101100011110
10011000001010101101110000101101
10000101111010000011011111010101
11111111101000110001111010100110
01101010010111110001001110011010
01100001001110100010101110010011
11101101001111000111101101111011
00100000110000000110011101111110
10001001011111001101110010100001
00010110100100011110010010110000
00111100111011101110010111101110
11100111010000011010101110001111
01101100111011100110010000001110
10101110000000110111000101101111
11110110110100111110100111100101
00001110111010101101110010001011
00100010011100011001001011110101
01010001101100101010000110000110
00001111011100001011100011000110
10000000011101011100000101111010
01001001010111111101001010101110
10110100100010111010010110101110
11111010100000000010100000101000
01111110011010100011011001101100
01000001011100001011010101101111
01110111101000011111111101110000
00001111101011111001000101000010
01110110010100011100000100010101
11010000011100010000100111111111
11011011001001010000101100010100
00101011100010110111001010101010
01100100101100110000000000000001
00011001101101111101010111100010
01110011111000111001011011011000
00001011000100001011101100110111
01101001110101101111001111011101
10000000001101100010001010001011
00101101001011011111100100000010
00010101110111010000000101101101
11011010110001000101100010101101
10100111010100010101101111100101
11001000010001111101101010110101
01000010010001110000001101010001
11000100111110100000110011010011
00100100000001100100101011100001
01011100000110010110011001011010
01011110100101100110101100000110
10100011000110100101111110010101
00111101100110111111100010001000
00110000100101001110110100101100
11101111011100001011111000101001
01101101001001110100111000111100
01011010111110010111111110011110
11010101111001110011100111100111
10000100011101111100100110001101
11100100110110100010101111001000
01111110001010111110010110011010
01011100010111110011111001010100
01010010111001111000011010000110
00011011011000100010101111010011
01111111011110101111101100110000
01101110011000011011110100100100
01111100011001111010011111101001
11001100101001110001100011101100
10110100011000001000010110000001
01111010101000111010001100110010
01001100001001001011010111011011
10101000110001010001011101100100
11010001001110011110011010001111
10101100010011011101100010010011
10101001010001100111110111001011
01001111011011001001110011011010
11011110000110100100011100010010
01011011101101000100000001000110
11011110100100001110101101100110
00001000101011110011101111000010
11001010000100101001101111111011
11100100001111000011001100100001
01000110001100110010000000101111
11110111000001110010111010100010
11000010100101101111011001010001
10001011111110011011101111010010
11100110011000001000010101100000
11001111100101001010110100011111
00100100010001111110101110010110
01100100010010110111001101111111
01100010010111110011101101001011
01100101011100111001111000011111
01111101001100010011010011001110
01001101001111010111001110100100
10001000000000010101001001010010
11110010010101011010111000100000
00101000001101010000101100001111
00110011001000101000011001100101
00001111000101001100011101101111
00111101001001000100010100101100
01001011001101010011010110111000
10111010110111110111111111000000
01001110111110001110010111011111
11110011110111100101100111001000
10100000000011010000110111101000
01001110000001000011101001101010
00010111111101001001100100101011
01001001100101101101111000001000
01000011111101101000100010101000
01101000001110011001010011000000
11000001000101010011001100110011
10010011000001001001001111010101
00001111011000010100011100100101
10101001001011000000100000111111
00101100111000000111010011110100
11100110100000011001101100111111
10001000010101001101101110001100
10111111011101010010011010000000
10001111010011110110010100011101
01100111010110111111010010011101
00101011110101100111110000010010
10110001011100110110000001111110
10011001011100111001110011001010
10000110111111111011000100001111
01001111101111101111101100001001
01110100101111010001010010010011
00011101001100010000011001100100
00100000101010011010111000000010
11000100001010011100001111000100
00100011100010000110101011110001
01101011011101001011001110001101
01000100110001001101001000110001
10010100001100000111100001001011
11011000011001000011000111010111
11111111101110011000100110100000
01010010110100101100101111000100
11111000100011010110001000101111
01010110110101100011100011001011
11100000110100101110100111100001
10010100100000100101010011001110
11111110010000011000101001010111
00001101111110111110111100110010
00101101110111110010110011011010
10000000101100010000101011000001
01110000010001111100001100110000
11110010000100100011011000011000
01100010100101011000010010110100
00010100000010001110011011000111
00010000111110011111011011001110
01000111011110111001010011100100
00010001100001000010111111101101
11010011100011011010000011000101
11000110101110011101101111001010
10111010011001011100001000001110
00110001110011010110001100101100
00010001010100001000100011111011
00101111110101101000010001001000
01011111100011101001100010100011
00100100111001001000110011011011
10010101001101010000100001011000
01000101100011010000001111001111
10011011010101110111000010110100
11111100001000000001101100001011
11101100110111011001111000011110
01011011100011100010110100010011
00100100000001011100101100011101
10000111000101101000101100101010
10100001001111001111101010100001
10110110000001010101010011110010
00001111101001001000011111000101
01000101100101100101111111010101
00110110110101101000001000111001
10100011110010100100101010010000
11010100010001111101001110101110
01100101010100000111011011011110
00111111001010000001011110000110
01001110001010100110110010000010
11100010010000101101010011100000
01010010111111000011111011001111
00011100010001000010101001110100
10010100001001001011110111110110
11001011010101111001001111111010
01110101100111001111100001100010
01001011000111101000110010011100
00110001111111110011011000010000
01011001010001110101111100010010
00100111010001000101010101110010
01001111001100111111011110011010
00001011001000110011111110010001
11101110100010110101100100111110
01100000011110110010001001100110
11100110111110100010001101001100
10101011101010111000110011110010
00000000111011010110000100100010
10101111011111010101010001000110
10010111101100100101110000011100
01010101001111000101100111001000
01001110110000010001100111000001
00111111100000001010111001000001
10001101100001100011111110011110
10110001000000000101101101111010
01111000111001110011101101000000
10000001101111000101000110111111
00110110110101011111011100111011
11010100010010101011111001001001
10000011000101010101000010001001
11000100110100011110001001001101
01001010110111101001010100101010
01110101000111100001110000111000
11110000000100100111011110111101
01011010101100110010101011010100
11110001111101110000011110001000
10010011101111111001001101101101
10100101010100010100110010000111
11111100111011110010111111110000
11011010001100010010010010110110
01000101110000100100011011011100
00100010001110101101111101111001
00101100011011101101011011100010
10100011110110110011011110001110
01010001101110101011001111010011
01000000100010111001001011101100
11111110101101010011110001000100
00100011101100111001010011111110
11110100100010011001011001100010
01001011001110110100111000100100
01001000000011011011001110110001
00110000010000111110100010000101
01110010101111011010000011111001
01001000100100001110100101100110
00111001101110011011001110110001
01111001000101111000100100110101
10100111100001000001110100011010
01011000101100111011011001101011
01000001011001100100100110110000
00010111000000001010011011011101
01110111001010111001100110000101
00100010011011000110101000110000
00011000001000110011100110110010
00110101000000110011101001000001
11000001110010000100010100110011
01100101101011010101010110111100
11110010110000001101110100100111
00000111001000101100100011010000
11001101000111001000001110011101
11011011001111101101101011110000
01011001011010111000011000100001
01001100101110001001001001101101
11110001000000010100111110101101
00011000010110011011111011100110
01110001111010111001011011110110
01001100111001111110100111010001
10001010111010111010101110010111
11001011001011010100011110111101
10111111100101110110110001100001
01011011000001101001101001100110
00111010111010110110110000010010
01111110010100011111100001011100
10010001100001001110001110001001
00011010111101011111000110001011
11101000100010000000000000111100
01011001010100011010010100010101
01101111101101011010100001000010
00001101011011010110001101011010
00011100000010010011000001110011
00101010100100010001110000001110
00100111111111001010100111001100
11001011011110110110100001001110
00010000101111001000101110101000
11101011110001001000010001111100
11010100110101111010100100000100
11010110010001001111101111011010
01111100010110000001011001001111
01100000001011010000000101010110
00001011001110110010000000000101
11111110001110010000101011101100
00110100000011110000000100101111
10010011111001100100111101100100
01111000100110001101100010001101
00010011011011011001000100000111
00000011000111011111000000011100
10010001001001010001110000010101
11001001011111001000100111100110
01011111101110011111111111100110
10101101100101100000000001111001
01110001011110100100001010011110
01110011101001000101010110110011
00010000000011011110010010111001
11001010111011110110010010111011
10100000110001110101100101010101
00010000010010111110110001100010
00011001101011010001010111111100
11001010110100000101001010011101
00000010001111100111100000100011
11111111111011111010110011000001
10111011000111101100111100110010
00010000100010100010011011000110
10101011001011101001001000011001
10101111011011111000111110101001
00011110011111100010101111000011
01011110111100100011111110111001
01001101100100111110010110100110
00011011010011110010101111111010
10101100110011010111110010000111
10100011100001000111001001010100
00101000111001010010011110101000
10110011001111101111001100010110
00010011110000011111001011011010
00001100010101011011000001101101
11000001011010011111001101101101
11011100000101101111000100000010
01111100100011011001000111011011
11101100010010011111001011001111
10101101011111111000110111011000
10011110111101010101000001101001
10111001000011100110001000010010
00011011000100111110110010010100
10011110011110011110111001011101
10001011110111001110111100100100
11100011011111111010100111101101
11011110111010000000110111000100
10011011101100101011110000001011
00010101000110001100100111001001
00100101010111110010011000000100
01101111001101001010101000011000
10000010010110101001101100111001
10010110100110011100000010111010
01100100001111001110011011110100
00010101100110111011101011011001
00001010000001111011101011011000
11110001111101001001101111001000
01011110111000000011111100011101
11100101001111000011101010010100
01111100001000001110100110100100
10010101110111001100010001010010
11101010100111101110110011100111
00111001010110110101011001100000
00110100001111110111010010111010
11010110110100110001110001001111
00000000101011110101110111100000
11111010010111111100101010001011
11111100010100010100111100101010
10100100100011001011110010001101
10000100101000110100000101110011
00000000100011011000001100000011
00101001011110011111100110100101
01100110111011110010111110111101
00100000110101001000110111111101
10110001101100100000010011101111
10000000100000011100100100101110
10001011000110101100010101001110
10000001001110110101101100010010
00000111001010111100010110100101
10100000110000001011000101011110
01100111000101011111011111110010
10110011110000100110111100100011
00000110000001111110000001001111
11101111011000010011101001010001
11000100011110001010010101110100
01111011110100000101011000001111
01001100101110000101011100011000
10101101001000000001001111100000
10001001000100100011011101111000
00000001100010000111110101001111
01110111010000010011010010111001
11101100010010110101000101010001
01110111010001110100110111101111
11011001001001100100110011010010
11011001011001011001011010101110
11010110010101010100111111111001
10010100010101001000010101010011
11100000100001011111010011000101
00001001011011100101110010110101
11000010011001100010000001111101
01101001110001001100110011010110
00010001111000001100110010000010
00001010001111000101111010000101
01101111011010010110111111110110
10011111101010000111111001111011
11001010101011110011100111111000
11011110101001101000111011110010
11010001101010001100010001010010
00000101000001100100001101011011
11011101001100100000010101100100
00101101110000001000111111100011
00110011010010011010000000010011
11101110001011101101010001110110
11110001010110101101000011110111
00010111101010011100111010111001
01101111001110001110101010001011
00011010001011110000101100110011
01010001010101111111111101000001
01010100000110100000000110101010
10010110011111111101111110011010
01000101011100001000110111101011
10011011010010100100101110011110
01010110011001000000100010100100
00001100011010001000100011001101
00000111110000100101111011101110
00111110001101100010010010000000
10111010100101001110101111010101
11101100000000011011000110011001
10101011111001000111001111011100
01000111000110100100011010010011
01001010001101110111001110001110
10011100010000110110111110000000
01100011000011111010111111111101
00010111010100101010111101001011
11110011110110000101010000100010
10101000100011011100001101000110
00010100011000110011010010101000
01101101001101100000001110011001
11001010011011110010100011111111
01011111011001101100111000101000
00101011101110010110100111111010
01111110010100000000011111101001
01111101000010100100010111110101
01001010011010010001111100110110
00101101100000000001000000001111
00111001000000110111111101010001
11011100010111010110010101000110
11010010110010100011111101011010
00010000101110101101110010101111
10001001011000101001100111111010
00010111000000010101111010100001
10110110110111011101101011110011
10011010111110110101100100011001
11111011011000111100001100000010
10000111101101001111010000011001
10110001011010111000010101010100
00100001100101111001111101101011
01011001010011000111000101010010
11101010001101001110100010110100
00101101011100110100100011110111
11110010001011110100100000110011
11000001100100001010100111010011
01011011111111000011010011110000
00110100100110111111000110001011
11100011111000110010010100001011
01110111001111010000100100100101
00100101001010001001001100110000
00110011111101010110111010011010
01101111111111101011110100111101
11101101011100010110000111010001
11010011100011011110110000010010
00101001010011011101101111001011
10010111001100101010101111010001
00010001101000100001001011010011
11011011111000001101100010010111
01001101000101001110010110001011
00111011101101010010111100011101
00011100111010111001100000101001
11001111011000101110001010110000
10001110100010000011011000001010
01100011010101111000011011100001
10111111011111100011101100110000
10111101111101110010101000100111
10001111110000110111111010100110
11001001101101100011101001000110
01110000010110011001000011001010
00111110101111011001100011100100
11000101001011000110010000101100
01101011100010101101111010000000
10101001001110001101100101100101
10001110101100111110101110010010
00101000001111011101011111110100
11111000001000000001010100100011
01100000110101001111100110110010
00011111111110000110010111111110
10010111000111001110101011010101
10111110111010011010100101001001
11111101100110001111000010011101
00010100011110000100110000010101
00011001011100100100001000011000
01101000011101001110000011110110
01001100101011000000000010101001
00000101110001111001010011010010
00110000110001011000100101101110
00111010010001010011111110001110
10110100111001110101110011010111
11000110110010110100110001010010
00010011100000101011110111011110
00111111100011100111111011001001
11100000010101000111011011110010
11110101110111011110101010101101
11001010011010111110001101100010
01111010000110111110010110001001
01010010110111011101110000000010
10110001110000100101001000000111
10011010001101001100011011101100
01010101011101001011010100100000
10001011010011100100001000111101
01011010011111101100111000001111
10101000100011001101001011100101
10010000001110001001100100111011
10010100000110111110001101110111
11111111110000010000101101011101
00001001100100100101101010101000
01000111000000100000100001011001
11100101111000100001101100011100
01110011000010010110100111110010
00001000000110111011111000010001
10000011100010000000011000000001
00100100011111111011100101111011
11010111000110100110001001111001
01001100001000100100101010110100
01111001101101110000011000100001
11111101000011101100110110100000
10111101010111100101001010101111
00000001000000111000100101100000
10101010001010011010001010011001
11011000000001011011101100011100
11011101101100101010010111100100
01110110011010101000010001110110
10010011111010100110011001111111
01100011000101100100101110001110
01101001010000011101000000100001
11010000000111000000010101000100
10001011010001000001100000100001
01110100100111101011000110010110
11000110001101100111111111011111
11000100010001100001000010010011
10110001111010110011001110011000
11001101101101111001010110100110
10110011100110000000011001111001
00110001100011000010010101001111
00011111111010111110101101101000
01100101101110001011100010100001
10110111100111101010010111010011
01000111101001101001001010111111
11110110101111101001001100100010
01010001110101010000100110001100
00110101101100000111010100010101
10001001110101000100001001001111
10011111100111010111100110111000
01000011101000001111111100101000
01010001110101100011000011100110
01001101011001110000010100111011
10001101111001001001100110111001
11000000100001010100110011010111
10001110000001011010110111001100
01001101001001110010101100111111
10111010111100010110010100100000
11110111001101001001100010111000
10011111110101110011001011000011
11101100100000000011001001011101
01110000100011110110100111001010
10011001101101110001011100010110
11110001010111010000010001111000
00011000101010010100011110011110
01011110001001101100101011000011
01100011111111011000111111101110
01011101110011010100001100011111
01110010000101010101101010111110
10100010100011111000000001100111
00011110101110010010110010011001
10101010010000001101110001100100
00101000001001111000101010011100
00000101110010010100111010001010
11011100101100101010001010001001
01011111100111001110110110110101
01101110010011101010000010011111
01001111001000110111110010011100
11011100111111110001110111100111
01110001011110000010001100011111
01101111101001100000011001110001
10110100110011011101000110110010
00101011001100100000110010001110
00001110110010100110111001001100
01000100110000000000000011010100
11110110110011011010011010111010
11101011110111100010100000011011
10101011001001110100010110101101
10011100000110011100011010001111
01101000000111100100111011100110
11001111110011111111011110011101
01100001000101010101100110011111
00100110010000011100011001010101
01100101011100111101011110001011
00111011001110111101011100100111
01101000110010001101110111100110
10110110100101011111100001101001
00101010010010001101000110011101
01000100000001001011101010001001
00110100101110000010101001101001
11010011001100111001101110001100
01001011100011100100111110101000
01010111001000111111011000101101
01100010000110010001111111011101
11001100000110100011000000000000
10010111100111111000101000011001
00101011101100111111101110000010
10001111101010000011011011011101
10000111000111000001011001011011
01011111000100010100010010001010
11001010101000111010101111001000
11111010100001111000010010101100
00111101010011011001000101101110
00000111000001100010010000101111
10000001001000011010110000000011
00101011001001100100100011101111
01010010101101111110001001110000
11011001110010110111000010110100
10000000111110001001001010111000
10001010001000011101001010010011
10011000000000001111111000100000
01111100010000101000111101111100
01101000011110101111011111000111
10110101100011101010111111110110
11011001001100001100010011011101
00010000111111110001101001101110
10110100000000011011011110100000
10101111001101000010000100111001
11111110110011100101100110000101
10001010010101011100100000000100
01101100001101010011001001111111
01111111111111011010011100111000
10110011111110111111110110110110
01110000000010111001100001011110
00110001110001111101010101001010
11101011111010010111011110010001
10110001100001001111111001010010
00110111000010000111111011100101
01001110110001001111011011110100
00111001101000111001001000001110
01001100011110101101010110001111
11111001011010001110101000100100
10011111000111111000111110100000
01111001101110101111011001001111
00110111111010010001110000101110
00011111011101111100000111001111
01110111010111110110000001010001
11111000001011011010110011111011
11111101000011000111100011101101
00011001110111110100010010110001
00010010111010010111010010000011
11110110001000001110100000110011
10001101110100111110100010011010
00011111001001111010010100111000
00111011100000001100110101110110
01000101110011000100010010110110
10000000110011110110101110101001
00111000110111111011111000100010
10111101101101001100010110001011
01000010101110001100110110100110
01100100111010111011011001110101
01111001010010100001011110111011
10011101110111100100111000101100
11001001100011000000010111010111
11101110110110000111000111011100
11001001001101110100000111001101
10100100101111110001101110011100
01100000100110001110111011010000
00111001101110100110100111001100
11111100100110010110001010110101
11100001100101100011011110110100
11110010111010110100101100111110
11111101101100100100101011111100
01001101111001011100001000001111
00101100110000100110001100101100
00000000110010001101100001111111
10001100000011101011101010000010
10110010001111010111000111100110
01010100000101001111111011101011
00111000100001010000111101000010
10011000100101000111101111101110
11001110000110111011010100100011
10101100001100000011101110101000
10101100011010001000111010000010
11010110000011100100111101010111
11000110001101001100101110101110
11110101001111100000110011001111
11001100100010000010001000001110
00100111101010011111000110111011
11111001111010110101110100000001
11111010100101100000001000001010
10101100011100111101111000100100
01010010101110110111111000011111
11000000101001110000011111010101
11111110111110000010001110001111
10001101101011101101110010011111
11001100001110100111111000000010
11110110100001101000000100110000
00010111100111011110110110110011
11101010110111001011110011000011
01011001101110111101100000000100
00000001100000110110001000010110
01111101000000000000100111001011
00100110101011010011001001101011
11111011110001010100010100100111
11111111010010111011000100101011
01010001110001110000100100010000
01011101101100010110000110111101
10000001000010101110100100100010
10000100111010101110110011101010
10101000011010000110011010101100
10001100100010000101011110001001
11111100110100011111110101101000
11011001111111110101000010001111
01010100001000000000111010000000
01011111100101111001001110100001
00010010111011100100000010000110
11100010101010111000011110111000
00011001011101011101100000000101
10110101011010110010011110000001
10001101001001011110101110011101
00010100110011000000101100100011
10000101111111011010011100010010
10111010110111101110011011101011
11000010101111000111101101011000
00111000011000010111101011100011
00101010010100010011110011111001
11001001000111001110001101001100
11001010011011111001001101110101
10001001101011001111101001110101
11001001001000000100010100000010
00000111100001100110111111100111
00110000010100001000001001111010
11011001010100010010110110000010
10100110010110001011000100100111
11001111100010000111101100001100
00010000011100011010010100000110
11011100001011111100100010101011
00011110100110111111101111110011
11111000000011110010100101001100
10111111101101000010000001111111
11101111000101110000110010011110
01111111100110001001000001110100
11101101011101111110101111100010
00101001111001101100111001011111
10000011111001100001000111101000
10100000111000110110001010001110
10010000010111111000100011000010
10101011000000010011010010111001
01001101100110001110100001111011
00110110100110011000100011110100
10011110010010001011111011000000
01101111000111010110101101100111
10010101110101010000000110000011
10100100011000111111101010100010
10011100010101001010011100101010
11011001101010010101100011100010
10000001111001111100010111011100
00010111100111101001111110111110
11101100001010111010011000101101
00001110111100000011011111011000
01000001100100011001111101111010
11111000010100001111110111000110
01011001100010101110011000100001
00111010100110011001101110011011
10100100100111010001111000000110
00110000001110010000011100001001
11010100010011001110001100000000
00011000100011001101111110001111
10000111111101101001001010110011
01011100001001011100101000011011
10001110110111010001000100010010
10110001101000101101101101010101
01111110010010111101101100001011
11001101000000010001001111101101
11101000010111010101011011111110
00001010100001001101100001000110
00000000110100110100111011001011
00111001001011011111011010010100
01000000110000101000011100011000
10010001110101100001001100101001
01100111110010011101001110111011
10111100100100010010100111011001
00110110100101111001110000010110
10111101010011110001000101100001
00011010000111110111010110010100
10011010001101000110010000101110
00111011101011010011100010010011
01100000101010010101000101100010
11010111011101001010100101010000
11011010001101111111100000001011
10000010111001111101101001010010
11010000100001110010110111111100
10101011101011111011001111000010
01111100111000110111111001011100
01010101100000100011110010111111
10010111001101101011001110110010
11100111100111000110111001000011
00100110001100011100111110000101
10110100010100011011011010111011
01011000110100110000001011101010
01001100000100110011001010111010
00100000011000101100100100101111
10010100101110101100000110001110
11001101011000100110111001011011
10000000100100110000000110101001
01011011111010010011011111101111
00010101110000000000100101011011
00010111000001111100011001101101
00011000101001101010011011000000
10001010011100100111011000010010
